8870.01253070347
8813.211636620274
8824.243926768224
8976.263896611576
8897.050470678338
8539.02031502817
9813.291721421494
10034.988501841479
9161.65791595229
9170.98616690792
9179.73075630747
9170.90420886253
9134.16582272499
9225.143985872779
9199.70389508231
9115.164645897301
9135.803136420376
9167.540821933733
9130.70992713242
9193.62044197118
9135.05579242581
9172.233202658745
9080.86148985584
9617.759622898704
9011.868593077174
8963.209174360414
9042.18556511494
9237.539407407749
9689.2665102246
9010.364734170727
9039.00719712638
9011.101055174304
9055.964659158955
9171.151180216311
9093.83781551245
9121.88154586462
8889.3793700151
9090.793561250126
9115.47408812032
9055.888021876524
9033.17362439347
9134.623208262914
8933.13840032226
8913.9926349124
8864.79307032716
8949.404165924823
8843.610947396717
8808.804966708767
8809.122133325194
8830.34371790382
8776.66211918057
8817.305464765705
8833.551423241153
